AIC_PD_FINC: 2662.203951733006 
AIC_PD_GOL: 1753.8401415890694 
AIC_PD_GOL_FINC: 1755.5574468224966 
AIC_PD_GOL_FINC_RB: 1757.205671512717 
AIC_PD_GOL_FINA: 1748.8497895752048 
AIC_PD_GOL_FINA_RB: 1750.3909992495605 
BIC_PD_FINC: -3428.9278273424698 
BIC_PD_GOL: -3390.586079658869 
BIC_PD_GOL_FINC: -3384.376534590421 
BIC_PD_GOL_FINC_RB: -3378.2360700651807 
BIC_PD_GOL_FINA: -3391.0841918377137 
BIC_PD_GOL_FINA_RB: -3385.0507423283375 
LOV_PB: -562.9317845446142 
LOV_DC: -578.8027971033558 
