AIC_PD_FINC: 2035.6013196349872 
AIC_PD_GOL: 1447.3335220729832 
AIC_PD_GOL_FINC: 1448.2763498885797 
AIC_PD_GOL_FINC_RB: 1450.0609165086776 
AIC_PD_GOL_FINA: 1441.2081969322044 
AIC_PD_GOL_FINA_RB: 1443.0464500842943 
BIC_PD_FINC: -2409.794200745094 
BIC_PD_GOL: -2292.676093861516 
BIC_PD_GOL_FINC: -2287.5186579474976 
BIC_PD_GOL_FINC_RB: -2281.5194832289776 
BIC_PD_GOL_FINA: -2294.586810903873 
BIC_PD_GOL_FINA_RB: -2288.533949653361 
LOV_PB: -461.36493378253147 
LOV_DC: -462.1479466297386 
