AIC_PD_FINC: 2666.328988172495 
AIC_PD_GOL: 1827.7040964209823 
AIC_PD_GOL_FINC: 1828.958148781291 
AIC_PD_GOL_FINC_RB: 1827.6272048456522 
AIC_PD_GOL_FINA: 1823.7379812473166 
AIC_PD_GOL_FINA_RB: 1822.0052181455546 
BIC_PD_FINC: -3411.897550365161 
BIC_PD_GOL: -3376.1451884164694 
BIC_PD_GOL_FINC: -3370.39889622114 
BIC_PD_GOL_FINC_RB: -3367.2376003217587 
BIC_PD_GOL_FINA: -3375.619063755115 
BIC_PD_GOL_FINA_RB: -3372.859587021856 
LOV_PB: -584.5236790901832 
LOV_DC: -590.4350846847163 
