AIC_PD_FINC: 2039.1494469414847 
AIC_PD_GOL: 1310.5115903776332 
AIC_PD_GOL_FINC: 1311.4037208325367 
AIC_PD_GOL_FINC_RB: 1311.9430548678176 
AIC_PD_GOL_FINA: 1309.7532514459265 
AIC_PD_GOL_FINA_RB: 1310.1427650861312 
BIC_PD_FINC: -2411.5702438082362 
BIC_PD_GOL: -2391.383146756677 
BIC_PD_GOL_FINC: -2386.276408203351 
BIC_PD_GOL_FINC_RB: -2381.522466069648 
BIC_PD_GOL_FINA: -2387.9268775899614 
BIC_PD_GOL_FINA_RB: -2383.3227558513345 
LOV_PB: -410.74712395754244 
LOV_DC: -429.3706118097029 
