AIC_PD_FINC: 1558.3770612861726 
AIC_PD_GOL: 1037.0494728519539 
AIC_PD_GOL_FINC: 1037.3464483859836 
AIC_PD_GOL_FINC_RB: 1039.1614153629619 
AIC_PD_GOL_FINA: 1036.790613239707 
AIC_PD_GOL_FINA_RB: 1038.2636934471025 
BIC_PD_FINC: -1668.434247974269 
BIC_PD_GOL: -1654.8040718263046 
BIC_PD_GOL_FINC: -1650.5669250395545 
BIC_PD_GOL_FINC_RB: -1644.8117868098557 
BIC_PD_GOL_FINA: -1651.1227601858313 
BIC_PD_GOL_FINA_RB: -1645.709508725715 
LOV_PB: -331.30948133933305 
LOV_DC: -336.7001139429384 
