AIC_PD_FINC: 2028.4475030618464 
AIC_PD_GOL: 1362.8841417520048 
AIC_PD_GOL_FINC: 1362.2582767417548 
AIC_PD_GOL_FINC_RB: 1363.6566782740583 
AIC_PD_GOL_FINA: 1361.4272628312342 
AIC_PD_GOL_FINA_RB: 1361.9601418174807 
BIC_PD_FINC: -2399.059112412011 
BIC_PD_GOL: -2355.4068415108864 
BIC_PD_GOL_FINC: -2351.8180984227142 
BIC_PD_GOL_FINC_RB: -2346.2050887919886 
BIC_PD_GOL_FINA: -2352.649112333235 
BIC_PD_GOL_FINA_RB: -2347.9016252485662 
LOV_PB: -439.4852280637158 
LOV_DC: -447.90189281639965 
