AIC_PD_FINC: 1566.0261221724688 
AIC_PD_GOL: 1110.074638419883 
AIC_PD_GOL_FINC: 1110.5872982098836 
AIC_PD_GOL_FINC_RB: 1111.5752759981287 
AIC_PD_GOL_FINA: 1110.7759513609778 
AIC_PD_GOL_FINA_RB: 1111.7741611400156 
BIC_PD_FINC: -1682.1260636845402 
BIC_PD_GOL: -1647.2165093903623 
BIC_PD_GOL_FINC: -1642.7636783476419 
BIC_PD_GOL_FINC_RB: -1637.8355293066759 
BIC_PD_GOL_FINA: -1642.5750251965474 
BIC_PD_GOL_FINA_RB: -1637.6366441647888 
LOV_PB: -352.92371556093195 
LOV_DC: -355.4477021239803 
