AIC_PD_FINC: 1524.0802300237067 
AIC_PD_GOL: 1014.7843129167404 
AIC_PD_GOL_FINC: 1016.7841175994208 
AIC_PD_GOL_FINC_RB: 1018.7344966954963 
AIC_PD_GOL_FINA: 1015.7959141176243 
AIC_PD_GOL_FINA_RB: 1017.7042217026808 
BIC_PD_FINC: -1706.000408284661 
BIC_PD_GOL: -1650.9752035312304 
BIC_PD_GOL_FINC: -1645.0352275958296 
BIC_PD_GOL_FINC_RB: -1639.1446772470335 
BIC_PD_GOL_FINA: -1646.0234310776261 
BIC_PD_GOL_FINA_RB: -1640.174952239849 
LOV_PB: -319.20102412204807 
LOV_DC: -329.98937450194853 
