AIC_PD_FINC: 1574.7102042992447 
AIC_PD_GOL: 1127.607027483241 
AIC_PD_GOL_FINC: 1129.2536930483343 
AIC_PD_GOL_FINC_RB: 1130.0967619116293 
AIC_PD_GOL_FINA: 1123.0600447577654 
AIC_PD_GOL_FINA_RB: 1124.2407431333459 
BIC_PD_FINC: -1664.4459127516734 
BIC_PD_GOL: -1585.2626782643733 
BIC_PD_GOL_FINC: -1579.6758414465598 
BIC_PD_GOL_FINC_RB: -1574.892601330544 
BIC_PD_GOL_FINA: -1585.8694897371286 
BIC_PD_GOL_FINA_RB: -1580.7486201088273 
LOV_PB: -358.3984539482823 
LOV_DC: -358.9190004151761 
