AIC_PD_FINC: 1562.9610077751145 
AIC_PD_GOL: 1035.5555320493715 
AIC_PD_GOL_FINC: 1036.3328304608644 
AIC_PD_GOL_FINC_RB: 1036.162971909664 
AIC_PD_GOL_FINA: 1035.8057685634817 
AIC_PD_GOL_FINA_RB: 1035.116032735382 
BIC_PD_FINC: -1690.3202118443885 
BIC_PD_GOL: -1660.5430480827883 
BIC_PD_GOL_FINC: -1655.825578418575 
BIC_PD_GOL_FINC_RB: -1652.0552657170547 
BIC_PD_GOL_FINA: -1656.3526403159578 
BIC_PD_GOL_FINA_RB: -1653.1022048913367 
LOV_PB: -325.6675244925475 
LOV_DC: -334.29815875454665 
