AIC_PD_FINC: 2619.8269469403403 
AIC_PD_GOL: 1775.8431068490795 
AIC_PD_GOL_FINC: 1775.9739649906646 
AIC_PD_GOL_FINC_RB: 1776.4763663661033 
AIC_PD_GOL_FINA: 1776.835582043877 
AIC_PD_GOL_FINA_RB: 1777.0953502411553 
BIC_PD_FINC: -3484.305467448684 
BIC_PD_GOL: -3360.9159687811534 
BIC_PD_GOL_FINC: -3356.292870804548 
BIC_PD_GOL_FINC_RB: -3351.2982295940883 
BIC_PD_GOL_FINA: -3355.4312537513356 
BIC_PD_GOL_FINA_RB: -3350.6792457190368 
LOV_PB: -578.1561577504 
LOV_DC: -591.4744527176858 
