AIC_PD_FINC: 2022.3652018109276 
AIC_PD_GOL: 1429.433816367061 
AIC_PD_GOL_FINC: 1430.7368677925624 
AIC_PD_GOL_FINC_RB: 1428.9350159575047 
AIC_PD_GOL_FINA: 1428.3297956477466 
AIC_PD_GOL_FINA_RB: 1426.5028544494864 
BIC_PD_FINC: -2426.3120925711 
BIC_PD_GOL: -2371.8905771540058 
BIC_PD_GOL_FINC: -2366.372917630082 
BIC_PD_GOL_FINC_RB: -2363.9601613667173 
BIC_PD_GOL_FINA: -2368.779989774898 
BIC_PD_GOL_FINA_RB: -2366.392322874736 
LOV_PB: -458.5976991506086 
LOV_DC: -461.203028099987 
