AIC_PD_FINC: 2688.696003197925 
AIC_PD_GOL: 1883.4260745673193 
AIC_PD_GOL_FINC: 1882.8586469180093 
AIC_PD_GOL_FINC_RB: 1884.0649559865765 
AIC_PD_GOL_FINA: 1878.4592648347934 
AIC_PD_GOL_FINA_RB: 1879.9530030874696 
BIC_PD_FINC: -3389.6817229262606 
BIC_PD_GOL: -3315.8975362052233 
BIC_PD_GOL_FINC: -3311.9727240195125 
BIC_PD_GOL_FINC_RB: -3306.274175115925 
BIC_PD_GOL_FINA: -3316.3721061027286 
BIC_PD_GOL_FINA_RB: -3310.386128015032 
LOV_PB: -606.0447439411264 
LOV_DC: -606.3958583308098 
