AIC_PD_FINC: 2005.0709426039343 
AIC_PD_GOL: 1345.4025314098585 
AIC_PD_GOL_FINC: 1346.1431993419824 
AIC_PD_GOL_FINC_RB: 1347.861236599851 
AIC_PD_GOL_FINA: 1347.1708148755033 
AIC_PD_GOL_FINA_RB: 1348.7483436722755 
BIC_PD_FINC: -2429.5474107542295 
BIC_PD_GOL: -2359.8113882057396 
BIC_PD_GOL_FINC: -2354.8561121751945 
BIC_PD_GOL_FINC_RB: -2348.9234668189033 
BIC_PD_GOL_FINA: -2353.828496641673 
BIC_PD_GOL_FINA_RB: -2348.036359746479 
LOV_PB: -432.6786874308842 
LOV_DC: -446.33684806688586 
