AIC_PD_FINC: 2698.0171583204606 
AIC_PD_GOL: 1818.1327387879055 
AIC_PD_GOL_FINC: 1812.802446519036 
AIC_PD_GOL_FINC_RB: 1813.0896021489243 
AIC_PD_GOL_FINA: 1817.8998589699145 
AIC_PD_GOL_FINA_RB: 1815.407880918232 
BIC_PD_FINC: -3385.938633187264 
BIC_PD_GOL: -3346.9805979008897 
BIC_PD_GOL_FINC: -3347.8186503347383 
BIC_PD_GOL_FINC_RB: -3343.03925486983 
BIC_PD_GOL_FINA: -3342.7212378838603 
BIC_PD_GOL_FINA_RB: -3340.720976100522 
LOV_PB: -595.9847709348421 
LOV_DC: -602.4929106947724 
