Home,Away,Rodada,prob_PB,prob_PD_gol,prob_PD_gol_FinC_RB,prob_PD_gol_Fina_RB,prob_PD_gol_FinC,prob_PD_gol_Fina,prob_DC,prob_binpo_log,prob_binpo_p,prob_PB_placar,prob_PD_gol_placar,prob_PD_gol_FinC_placar,prob_PD_gol_Fina_placar,prob_DC_placar,prob_binpo_log_placar,prob_binpo_p_placar,Defi_PB,RPS_PB,Defi_PD_gol,RPS_PD_gol,Defi_PD_gol_FinC_RB,RPS_PD_gol_FinC_RB,Defi_PD_gol_Fina_RB,RPS_PD_gol_Fina_RB,Defi_PD_gol_FinC,RPS_PD_gol_FinC,Defi_PD_gol_Fina,RPS_PD_gol_Fina,Defi_DC,RPS_DC,Defi_binpo_log,RPS_binpo_log,Defi_binpo_p,RPS_binpo_p,Defi_palp_br,RPS_palp_br
Corinthians,Atlético-MG,20,[0.5636 0.3001 0.1362],[0.5821 0.2674 0.1504],[0.5801 0.2686 0.1511],[0.5917 0.2662 0.1419],[0.5819 0.2674 0.1506],[0.5944 0.2644 0.1411],[0.4882 0.2323 0.2793],[0.5888 0.2198 0.1905],[0.5234 0.2643 0.2122],0.2016,0.18868604922832016,0.1886316531264449,0.19319094652405205,0.13640798570988585,0.1054819272420957,0.14627291258980413,0.29905540999999997,0.10451133000000001,0.2687633300000001,0.09864533500000003,0.2712931800000001,0.09960387000000002,0.25770694,0.09345067,0.26899073000000007,0.09875905500000003,0.25432793,0.09222440499999998,0.39391102,0.170029765,0.25368773,0.102860105,0.34203089000000003,0.13610943000000003,0.36215801999999997,0.147408885
Palmeiras,Criciúma,20,[0.5335 0.349  0.1174],[0.5622 0.3019 0.1359],[0.5643 0.3009 0.1347],[0.5738 0.297  0.1292],[0.5621 0.3019 0.1359],[0.5707 0.2983 0.1309],[0.4699 0.289  0.2412],[0.5968 0.279  0.1241],[0.462  0.3688 0.1692],0.2353,0.22713484226362177,0.22715351246789553,0.22859295929922246,0.20016904432631707,0.21990569407492405,0.23602065334346115,0.35320601,0.11571425500000002,0.30128126,0.10506882499999998,0.29851939,0.10400276999999998,0.28654808,0.09916954,0.30136883,0.10512620999999997,0.29041619,0.10072975,0.42270445,0.16956761500000003,0.25581205,0.088997945,0.45408608000000006,0.15903632,0.36215801999999997,0.147408885
Grêmio,Atlético-PR,20,[0.5999 0.2723 0.1276],[0.5649 0.2629 0.172 ],[0.5675 0.2615 0.1708],[0.5888 0.2515 0.1594],[0.5646 0.2631 0.1722],[0.5851 0.2536 0.1611],[0.4975 0.2273 0.275 ],[0.4557 0.2503 0.2938],[0.3858 0.2611 0.3529],0.1888,0.16886122006325802,0.16891322734990727,0.16671884753169128,0.1316772614095939,0.09869951764346661,0.09647135960615055,0.25050906,0.08820644500000002,0.28801242000000005,0.10948244500000003,0.28461114000000004,0.10814864500000002,0.25774605,0.09729481,0.28844761,0.10963023000000001,0.26240818000000005,0.09907987000000003,0.3797965399999999,0.16412066499999994,0.44523102,0.191349265,0.5699532600000001,0.25096064500000004,0.36215801999999997,0.147408885
Figueirense,Fluminense,20,[0.4019 0.2491 0.3485],[0.2873 0.2544 0.4581],[0.2849 0.2539 0.461 ],[0.2857 0.2537 0.4604],[0.2874 0.2544 0.458 ],[0.2887 0.2544 0.4567],[0.279  0.1905 0.529 ],[0.1799 0.2198 0.5995],[0.1716 0.2564 0.5719],0.1101,0.12088862862737731,0.12088548996194054,0.1208696752020858,0.07818830675651059,0.10445098498422614,0.11529118745614109,0.84682667,0.14166242999999998,0.84831626,0.14629010999999995,0.85035422,0.146936745,0.8505563399999999,0.146888445,0.8482821200000001,0.14627301999999998,0.84784194,0.14605267,1.01297225,0.17963675,1.0004763,0.19636237000000004,0.9094571300000001,0.17831528499999996,0.8609580199999999,0.156308885
Cruzeiro,Bahia,20,[0.818  0.1501 0.0298],[0.7998 0.1461 0.0515],[0.7999 0.1461 0.0514],[0.812  0.1384 0.0465],[0.7998 0.1462 0.0515],[0.8118 0.1385 0.0467],[0.7334 0.1614 0.1037],[0.8066 0.1338 0.0552],[0.8121 0.1358 0.0487],0.0632,0.0724960129690054,0.07251479590055711,0.07013877661654516,0.08903300729917904,0.07807656638278561,0.07265028358910795,0.056542050000000024,0.017073010000000013,0.06407750000000002,0.02150680500000001,0.06402717999999999,0.02148138499999999,0.05666080999999997,0.018906884999999988,0.06410673000000001,0.021501145000000013,0.056782380000000014,0.01894916500000001,0.10787920999999996,0.041072424999999975,0.05835304000000001,0.020487540000000005,0.05611973999999999,0.01901618999999999,0.36215801999999997,0.147408885
Sport,Santos,20,[0.2731 0.3553 0.3716],[0.2953 0.3418 0.3629],[0.2964 0.3417 0.3619],[0.3005 0.3433 0.3562],[0.2953 0.3417 0.363 ],[0.299  0.3433 0.3577],[0.2236 0.2358 0.5405],[0.2594 0.3171 0.4235],[0.3219 0.3328 0.3452],0.0144,0.013301529208684925,0.013298987514214749,0.013381992630814793,0.013597828996718238,0.013169049375648693,0.016450270518714616,0.7927082599999999,0.333235085,0.74512574,0.31414925,0.7427834600000001,0.313012285,0.73403358,0.308089345,0.74512998,0.314185545,0.73720518,0.30967514500000004,0.9505388499999999,0.447522665,0.8283930199999999,0.36392030499999994,0.6897384899999999,0.28952585499999994,0.36215801999999997,0.147408885
Coritiba,Chapecoense,20,[0.3954 0.4467 0.1579],[0.4413 0.3776 0.1811],[0.4408 0.3776 0.1816],[0.4566 0.3713 0.172 ],[0.4412 0.3776 0.1812],[0.457  0.3714 0.1716],[0.3975 0.3149 0.2876],[0.4588 0.2999 0.2412],[0.4107 0.3685 0.2208],0.0176,0.030378937149946772,0.030366810049134153,0.033146947280437496,0.024870065800696207,0.03979940640844642,0.02699592907606453,0.59001446,0.19523678500000002,0.48752466,0.17247145,0.4882649599999999,0.17284159999999996,0.46273125,0.16245099,0.48767263999999994,0.17254543999999997,0.46223351999999995,0.16214777999999996,0.5448820200000001,0.222860005,0.44101489000000005,0.17556157000000003,0.53181938,0.19801356499999997,0.36215801999999997,0.147408885
Botafogo,São Paulo,20,[0.4209 0.308  0.271 ],[0.3951 0.2746 0.3302],[0.3962 0.2748 0.3289],[0.3959 0.2734 0.3306],[0.3952 0.2746 0.3301],[0.3943 0.273  0.3325],[0.3526 0.2344 0.4129],[0.3562 0.22   0.4228],[0.2035 0.2319 0.5641],0.0035,0.0051419427577189345,0.0051378368565706215,0.005366243548508849,0.007879422323654087,0.02053657381006964,0.012635489792649689,0.8034618099999999,0.354226015,0.6801412099999999,0.302301055,0.6828646899999999,0.30360772500000005,0.67958073,0.302349655,0.68035421,0.302407545,0.67555774,0.30038091,0.52395653,0.234447885,0.5084382799999999,0.22944294,0.28519867,0.11549283,0.91675802,0.424708885
Vitória,Internacional,20,[0.235  0.3029 0.462 ],[0.2711 0.2833 0.4455],[0.2695 0.2825 0.4479],[0.2623 0.2803 0.4573],[0.2712 0.2833 0.4454],[0.2645 0.2816 0.4539],[0.1964 0.1951 0.6077],[0.1574 0.2286 0.6135],[0.1941 0.2954 0.5105],0.0366,0.0474818653174725,0.04750468963942029,0.04594481912073059,0.02614498712786853,0.023144746861696805,0.03174390937095796,0.89041741,0.39938071,0.81002435,0.36492729,0.8140509099999998,0.36716712999999995,0.83189267,0.3767080300000001,0.80978949,0.36480985000000005,0.8262840200000001,0.37349273,1.05313626,0.508022925,1.1386149700000001,0.543485505,0.99734622,0.45504253,0.36215801999999997,0.147408885
Goiás,Flamengo,20,[0.4058 0.3586 0.2357],[0.4502 0.3362 0.2136],[0.4476 0.3374 0.215 ],[0.4512 0.3357 0.2131],[0.4501 0.3363 0.2136],[0.4548 0.3341 0.2111],[0.3757 0.265  0.3593],[0.5355 0.2721 0.1922],[0.3621 0.3252 0.3127],0.1772,0.1998696259271693,0.19988264191743713,0.20006929295887796,0.14538896848675012,0.16527147968323286,0.15413935747619875,0.5372220900000001,0.20429050500000004,0.4609354400000001,0.17395250000000004,0.46520952,0.17568538,0.45928753999999994,0.173296525,0.46111266,0.17400748500000002,0.45342906000000005,0.17090312500000002,0.5890719800000002,0.25942349000000003,0.32673949999999996,0.126389025,0.61045274,0.25234885,0.36215801999999997,0.147408885
Flamengo,Corinthians,21,[0.2365 0.3673 0.3962],[0.2157 0.3326 0.4517],[0.2164 0.3338 0.4498],[0.217  0.3389 0.444 ],[0.2157 0.3326 0.4516],[0.2159 0.3373 0.4468],[0.2255 0.2322 0.5422],[0.1912 0.2587 0.5499],[0.1842 0.288  0.5277],0.1232,0.11736223880640913,0.11737169070536013,0.11930010609633829,0.09559826356946921,0.07780376546018934,0.09103344856119402,0.8748159800000002,0.3699533450000001,0.92978214,0.40957969,0.9277714399999999,0.4081745,0.9250782099999999,0.40515691000000004,0.92969181,0.409579695,0.9282143399999999,0.407221525,0.9477479299999999,0.44696977499999996,1.0234731400000001,0.478383745,1.0269409299999999,0.472051245,0.36215801999999997,0.147408885
São Paulo,Cruzeiro,21,[0.3927 0.2381 0.3686],[0.4247 0.2187 0.3555],[0.4239 0.2189 0.356 ],[0.4286 0.2207 0.3497],[0.4246 0.2187 0.3555],[0.4294 0.2204 0.3492],[0.2844 0.1781 0.5339],[0.3896 0.2049 0.4031],[0.3107 0.2337 0.4551],0.05,0.04868830718106701,0.048664500317806884,0.05068577499060808,0.024254219388330722,0.034640110584068906,0.04263735103178704,0.5613708599999999,0.252561145,0.5051800299999999,0.22906742999999993,0.50654442,0.229742245,0.49749654000000004,0.224744725,0.5052951,0.22916074500000005,0.49610116,0.22411269999999997,0.82885218,0.400501285,0.5770617800000001,0.268512085,0.73686619,0.34135305000000005,0.36215801999999997,0.147408885
Bahia,Figueirense,21,[0.2646 0.434  0.3014],[0.3895 0.3668 0.2437],[0.3909 0.3662 0.2428],[0.4    0.3613 0.2387],[0.3894 0.3668 0.2438],[0.398  0.3621 0.2399],[0.2911 0.2859 0.423 ],[0.406  0.3476 0.2464],[0.2583 0.3629 0.3788],0.0074,0.024353907257117637,0.024340237399509062,0.025810089158011584,0.013746685890281565,0.02800727400809068,0.010195814413228201,0.8200111200000001,0.31582756000000006,0.5666421800000001,0.21604997000000004,0.5640570899999999,0.21500161499999995,0.54751538,0.20848884499999998,0.56681304,0.21613540000000003,0.5510724199999999,0.20997800499999997,0.76320702,0.340734105,0.53437472,0.20677447999999998,0.82530474,0.346804165,0.36215801999999997,0.147408885
Internacional,Botafogo,21,[0.5325 0.3079 0.1596],[0.5536 0.2726 0.1736],[0.5522 0.2732 0.1744],[0.5743 0.2647 0.1608],[0.5533 0.2727 0.1739],[0.5763 0.2638 0.1598],[0.4578 0.2573 0.2848],[0.6287 0.2128 0.1576],[0.6228 0.2374 0.1394],0.1158,0.1257894361414797,0.1256985200205135,0.13181475404811996,0.09036374570125331,0.11550611306865323,0.1383495575283412,0.33883082000000003,0.12201420500000001,0.30372068,0.11473972,0.30557844,0.11550501999999999,0.27714321999999997,0.103570765,0.30414739,0.11490844999999998,0.27464816999999997,0.10254485499999998,0.44129516999999996,0.18757443000000001,0.20798528999999996,0.08149337499999998,0.21807096,0.08091201999999999,0.36215801999999997,0.147408885
Fluminense,Palmeiras,21,[0.8049 0.1326 0.0564],[0.7733 0.1472 0.0754],[0.7727 0.1478 0.0756],[0.7768 0.1465 0.0727],[0.7732 0.1473 0.0755],[0.7779 0.1456 0.0723],[0.6927 0.1584 0.146 ],[0.772  0.1479 0.076 ],[0.6696 0.2217 0.1082],0.1137,0.11243174354508499,0.11237734723688604,0.11478766396840277,0.07978903204817595,0.11202948335723077,0.09073847798802023,0.05882773000000002,0.021003735000000013,0.07874589,0.028864975,0.07922548999999998,0.02900037499999998,0.07656577999999997,0.027858564999999988,0.07883578000000001,0.028887245000000002,0.07575505999999999,0.027599149999999992,0.14083985000000002,0.058306455000000014,0.07963440999999999,0.02920840999999999,0.17002229000000002,0.06049005000000001,0.36215801999999997,0.147408885
Atlético-PR,Vitória,21,[0.6683 0.2001 0.13  ],[0.6434 0.1979 0.157 ],[0.6451 0.1967 0.1565],[0.6592 0.1887 0.1498],[0.6434 0.198  0.157 ],[0.6566 0.1905 0.1508],[0.5344 0.1944 0.2701],[0.716  0.1658 0.1145],[0.4644 0.2524 0.2829],0.1133,0.10465991251836435,0.10471556231248667,0.1024284045377345,0.07060833712489677,0.10816290074977351,0.08060144289077885,0.1669649,0.06367300499999999,0.19097697,0.07617607000000001,0.18913715,0.07549207000000001,0.17419236999999999,0.06964216999999999,0.19101656000000003,0.07616004000000003,0.17695445000000004,0.07065319000000002,0.32752873000000005,0.145167005,0.12125589000000002,0.04732046500000002,0.43060553000000007,0.18353484500000006,0.36215801999999997,0.147408885
Atlético-MG,Grêmio,21,[0.4045 0.3821 0.2133],[0.4289 0.3308 0.2404],[0.4288 0.3314 0.2398],[0.4327 0.3307 0.2365],[0.4288 0.3308 0.2404],[0.4328 0.3299 0.2373],[0.4021 0.2581 0.3398],[0.5577 0.2444 0.1975],[0.4835 0.2677 0.2487],0.2297,0.17907405963872938,0.17907705514362482,0.1786638670070795,0.09446190839059007,0.08009603437693069,0.09262237013890431,0.59091755,0.10457991000000001,0.68957601,0.12084965499999999,0.6883994400000001,0.12068674000000001,0.69112403,0.12160442999999999,0.68949024,0.1208308,0.6926611399999999,0.121813565,0.82756406,0.138574225,0.9209669000000001,0.17509692999999998,0.83188723,0.14783685,0.8609580199999999,0.156308885
Criciúma,Goiás,21,[0.245  0.4558 0.2992],[0.2479 0.4064 0.3457],[0.2472 0.4057 0.3471],[0.2548 0.4046 0.3406],[0.2478 0.4065 0.3457],[0.2556 0.4055 0.3389],[0.2386 0.3101 0.4513],[0.2247 0.3645 0.4108],[0.2529 0.3948 0.3523],0.1513,0.15652275547551062,0.15650533978273587,0.15965041997974155,0.13768099768542666,0.1325929482944295,0.15469432578697853,0.86729928,0.32977282,0.8503238599999999,0.34258144999999995,0.8517787400000001,0.34359312500000005,0.83503256,0.3356657,0.8505555799999999,0.34265666499999997,0.83341482,0.33449228499999994,0.87956366,0.39170082500000003,0.90270698,0.384923365,0.8381407399999999,0.34113685000000005,0.36215801999999997,0.147408885
Chapecoense,Sport,21,[0.4172 0.3907 0.192 ],[0.4023 0.3532 0.2445],[0.4019 0.3534 0.2447],[0.4064 0.3505 0.2431],[0.4023 0.3532 0.2445],[0.4069 0.3502 0.2429],[0.4053 0.2796 0.3151],[0.5153 0.2726 0.212 ],[0.2647 0.3624 0.3729],0.0203,0.017433765597216315,0.01743340701769539,0.01807042583339542,0.025011872163694323,0.04115578725096453,0.009184308319787357,0.52916633,0.18827913,0.54177578,0.20851277,0.5424932600000001,0.20880085000000004,0.53430882,0.205729285,0.54177578,0.20851277,0.53340806,0.20538400999999998,0.53113226,0.22647805,0.35418885,0.139960255,0.8110542600000001,0.3398602500000001,0.36215801999999997,0.147408885
Santos,Coritiba,21,[0.5478 0.3379 0.1143],[0.5374 0.3244 0.1382],[0.5375 0.324  0.1385],[0.5382 0.3255 0.1363],[0.5374 0.3244 0.1382],[0.5382 0.3259 0.1359],[0.4933 0.2736 0.233 ],[0.5549 0.2972 0.1478],[0.4468 0.3306 0.2226],0.0691,0.05751535347239044,0.05752831530457312,0.056517853123873744,0.07549804217896118,0.06895634404284405,0.06529860781485282,0.33172574,0.10877466500000002,0.33833336,0.116549,0.33806450000000005,0.11654425000000002,0.33778717999999996,0.115918465,0.33833336,0.116549,0.33793886,0.11586402499999998,0.38589085,0.15554025499999996,0.30828669000000003,0.10999421500000002,0.46487736,0.17779050000000002,0.36215801999999997,0.147408885
Corinthians,Chapecoense,22,[0.6178 0.3114 0.0707],[0.6531 0.2649 0.082 ],[0.6528 0.2651 0.0819],[0.6657 0.258  0.0762],[0.653  0.2649 0.082 ],[0.6659 0.2577 0.0762],[0.5827 0.243  0.1742],[0.7017 0.2003 0.0972],[0.6176 0.2671 0.1152],0.0833,0.0800344855749393,0.08006592726997276,0.0769836269782474,0.10011772876363571,0.08928583119005766,0.09817819672181523,0.86084529,0.193344745,0.97363562,0.216631805,0.97293346,0.216444145,0.9995269299999998,0.22448909499999997,0.97350501,0.21657471,1.00023854,0.22462990500000002,0.9429339299999999,0.18495989499999999,1.14135082,0.250993765,0.93184321,0.19736193000000002,0.8609580199999999,0.156308885
Cruzeiro,Atlético-PR,22,[0.8546 0.0651 0.0305],[0.8179 0.0928 0.0585],[0.8188 0.0917 0.0577],[0.8308 0.0814 0.0484],[0.8177 0.093  0.0586],[0.8299 0.0828 0.0494],[0.7483 0.1169 0.115 ],[0.7701 0.1068 0.088 ],[0.7884 0.1153 0.0785],0.0688,0.06781301799013739,0.06787116804423052,0.0655357940222877,0.05607442797306853,0.046119911166518084,0.07697154983729992,0.026309419999999993,0.015034644999999989,0.04519450000000001,0.02104177000000001,0.04457162000000001,0.02092746500000001,0.03759716000000001,0.018944920000000004,0.04531625,0.02107513500000001,0.038230210000000014,0.018995855000000013,0.09024350000000002,0.040957985000000016,0.07200425,0.034619815,0.06423090000000001,0.027182545000000006,0.36215801999999997,0.147408885
Vitória,Fluminense,22,[0.2465 0.2515 0.5016],[0.2665 0.2465 0.4867],[0.2641 0.2457 0.4899],[0.2608 0.2441 0.4948],[0.2666 0.2465 0.4866],[0.264  0.2452 0.4905],[0.1826 0.1651 0.649 ],[0.1274 0.1891 0.6818],[0.1664 0.2503 0.5831],0.0228,0.02508770090697472,0.025102646882010325,0.024926685307978806,0.018293990084887073,0.009738636467646427,0.009589280366493607,0.8826170600000002,0.4098832050000001,0.8356613900000001,0.38759567,0.84191931,0.39092246999999997,0.8508284900000002,0.39577037000000004,0.83541737,0.38747363,0.84240929,0.391290365,1.11660177,0.54682447,1.26204081,0.61430295,1.09754466,0.5175639449999999,0.36215801999999997,0.147408885
Goiás,Atlético-MG,22,[0.2959 0.356  0.3481],[0.3313 0.3272 0.3415],[0.3293 0.3277 0.343 ],[0.3351 0.327  0.3379],[0.3312 0.3272 0.3415],[0.3379 0.3263 0.3358],[0.2755 0.2408 0.4837],[0.3305 0.2627 0.4067],[0.2615 0.2817 0.4567],0.0113,0.008435814452079873,0.008432953072192264,0.008456569761134824,0.019781510582445743,0.02427821533588349,0.017047842673024685,0.6392664199999999,0.25626520999999997,0.65044178,0.27169097,0.64747478,0.270043745,0.6575974200000001,0.27533421,0.65037553,0.271592005,0.66180974,0.2776690249999999,0.40045058,0.17123296999999998,0.5302464299999999,0.23055825,0.44291203,0.18172425,0.91675802,0.424708885
Grêmio,Santos,22,[0.3922 0.4133 0.1944],[0.3892 0.3824 0.2284],[0.3906 0.3819 0.2275],[0.3948 0.3821 0.2231],[0.3892 0.3823 0.2285],[0.3926 0.3829 0.2246],[0.3471 0.2846 0.3683],[0.372  0.3593 0.2686],[0.3128 0.3098 0.3774],0.2721,0.253964514306551,0.2539413184346029,0.25553563067350404,0.13195841664903152,0.21432012976461823,0.13842765346113994,0.53582909,0.09582555,0.5850729599999999,0.10182159999999998,0.5863722199999999,0.10216230500000001,0.58744106,0.102820325,0.5852421800000001,0.101844445,0.58539233,0.10226750999999998,0.7679204600000001,0.12806164999999997,0.62102645,0.10529184999999999,0.7166506399999999,0.12013729999999999,0.8609580199999999,0.156308885
Sport,Internacional,22,[0.2637 0.3302 0.4061],[0.2937 0.3095 0.3968],[0.2938 0.3095 0.3967],[0.2931 0.3116 0.3953],[0.2937 0.3094 0.3968],[0.293  0.3115 0.3954],[0.2087 0.2171 0.5739],[0.2    0.2564 0.5434],[0.2103 0.3301 0.4595],0.1549,0.1397935416724861,0.13972193212133535,0.14277161692782728,0.06791168193544926,0.0935275607790845,0.18655591262263535,0.68308694,0.11722745000000001,0.72050018,0.12185496500000004,0.7204795800000001,0.12184466500000002,0.71606426,0.12108485,0.72063829,0.12189465500000002,0.71622241,0.12113463,0.9858493100000001,0.18663071000000003,0.8882245200000001,0.16775049999999997,0.70413235,0.12772913,0.8609580199999999,0.156308885
Figueirense,Criciúma,22,[0.715  0.2196 0.0648],[0.6127 0.2711 0.1161],[0.6136 0.2703 0.116 ],[0.6224 0.2642 0.1133],[0.6125 0.2712 0.1161],[0.6211 0.2653 0.1135],[0.5995 0.2284 0.1719],[0.5832 0.2816 0.1351],[0.4986 0.3423 0.1591],0.0785,0.0982614831527229,0.09827177793357968,0.09752661565455385,0.09890765938042094,0.10543210868784643,0.10614894459547894,1.1244481999999998,0.25775126,0.92017571,0.19445187000000003,0.92242305,0.19499209000000003,0.9416202899999999,0.20012066499999998,0.9197849,0.19434099000000002,0.93843155,0.19933509,0.9843164200000002,0.19450935,0.87447281,0.17920064500000002,0.7064840599999999,0.136957385,0.8609580199999999,0.156308885
Botafogo,Bahia,22,[0.5122 0.4044 0.0834],[0.5262 0.3378 0.136 ],[0.5269 0.3376 0.1354],[0.5371 0.3303 0.1326],[0.5261 0.3379 0.136 ],[0.5359 0.3306 0.1335],[0.4734 0.3239 0.2027],[0.5855 0.2803 0.1341],[0.4809 0.314  0.2051],0.0012,0.001400140429727157,0.0013987993976854157,0.0014673498608654197,0.002491952654317418,0.0029196552458475174,0.004854416072816255,1.2660437599999999,0.5512522,1.1374912799999999,0.51169122,1.13913053,0.512491935,1.1499572599999999,0.520429585,1.13745362,0.5116386049999999,1.1473074200000002,0.51900553,0.96470606,0.429897425,1.17116115,0.54620995,0.9617268199999999,0.4315654099999999,0.91675802,0.424708885
Palmeiras,Flamengo,22,[0.3883 0.3369 0.2748],[0.4347 0.3074 0.2578],[0.4329 0.3086 0.2585],[0.4406 0.3088 0.2506],[0.4346 0.3074 0.2579],[0.4431 0.3071 0.2498],[0.3359 0.2484 0.4157],[0.5197 0.2639 0.2163],[0.4056 0.3244 0.27  ],0.0351,0.03013525669789901,0.030131366674669483,0.0294886756949012,0.044389174144573794,0.03858964752031454,0.026302608109646918,0.66599354,0.11314596500000001,0.7351196899999999,0.127738255,0.7322586200000001,0.12711233,0.7346861600000001,0.12846436,0.73508433,0.127720585,0.73884806,0.129368825,0.8505378600000001,0.14281765,0.8587169900000001,0.15845853000000001,0.6938467199999999,0.11870568000000001,0.8609580199999999,0.156308885
Coritiba,São Paulo,22,[0.3002 0.3473 0.3525],[0.3047 0.3046 0.3907],[0.3042 0.3044 0.3914],[0.3127 0.3072 0.3801],[0.3046 0.3045 0.3908],[0.3133 0.3074 0.3793],[0.2748 0.2347 0.4904],[0.278  0.2424 0.4792],[0.1979 0.2865 0.5155],0.0175,0.019402160338835992,0.01940374871660451,0.019777717005457423,0.020695619758357903,0.02764908071497229,0.01000456703371223,0.73459358,0.306988145,0.72886974,0.31804429,0.7299909600000001,0.3186658,0.7112291399999999,0.30842865,0.72902605,0.31819199000000004,0.7099201399999999,0.30771268999999996,0.8214912900000002,0.3832526500000001,0.8096744,0.37565016,0.9911869100000001,0.4546038900000001,0.36215801999999997,0.147408885
Flamengo,Fluminense,23,[0.3303 0.2701 0.3994],[0.2758 0.2672 0.4569],[0.2764 0.268  0.4554],[0.281  0.2709 0.448 ],[0.2759 0.2672 0.4568],[0.2797 0.2698 0.4504],[0.2408 0.1933 0.5648],[0.1523 0.1982 0.648 ],[0.1356 0.2257 0.6381],0.1229,0.12638367416499582,0.12638667492952235,0.12734438231385686,0.08683900528037114,0.09358236178899876,0.10333758435534322,0.8013724600000001,0.13438914499999996,0.82181909,0.14245732500000002,0.8196101199999999,0.14198418,0.8112518100000001,0.13987730999999998,0.82178289,0.14243921500000004,0.81428429,0.14059117499999998,1.02774857,0.18911433000000002,1.0859825300000001,0.22252389499999997,1.0250994599999999,0.21316270500000004,0.8609580199999999,0.156308885
Sport,Coritiba,23,[0.3726 0.4035 0.2238],[0.405  0.3552 0.2398],[0.4058 0.3548 0.2394],[0.407  0.3555 0.2376],[0.4049 0.3552 0.2399],[0.4059 0.3559 0.2382],[0.3197 0.287  0.3933],[0.3778 0.3145 0.3077],[0.3692 0.3779 0.2529],0.19,0.19532781157016976,0.19529806976773526,0.1963423407472148,0.1494214677431612,0.1497920938422113,0.1955821997973341,0.6065294499999999,0.22188098999999997,0.53769608,0.20576452,0.5362690400000001,0.20519300000000004,0.53448301,0.20402763,0.53786306,0.20584800999999997,0.53635886,0.20484702500000002,0.69986198,0.30874649,0.58072238,0.24090606499999997,0.60467546,0.23093352500000003,0.36215801999999997,0.147408885
Corinthians,São Paulo,23,[0.5488 0.2848 0.1663],[0.5425 0.2632 0.1941],[0.5425 0.2634 0.1939],[0.5492 0.2642 0.1864],[0.5424 0.2632 0.1942],[0.5493 0.2639 0.1866],[0.461  0.2207 0.318 ],[0.5176 0.2272 0.2545],[0.3737 0.291  0.3352],0.0181,0.017093810773869962,0.0171082698080987,0.016147751092057155,0.02954056291556123,0.036903495419776444,0.015351163486467485,0.31234817000000004,0.11563520500000003,0.3162553,0.12352939000000003,0.31628302,0.12349055,0.30776723999999994,0.11902012,0.31638564,0.12359458000000002,0.30759326,0.119012385,0.4403534899999999,0.19591799,0.3490998500000001,0.14891864500000007,0.5892917300000001,0.2523388950000001,0.36215801999999997,0.147408885
Cruzeiro,Atlético-MG,23,[0.7651 0.148  0.0811],[0.7397 0.1506 0.1037],[0.738  0.1517 0.1045],[0.7523 0.1458 0.0955],[0.7396 0.1507 0.1038],[0.7545 0.1444 0.0945],[0.6343 0.165  0.1967],[0.7163 0.1421 0.1282],[0.732  0.1531 0.109 ],0.0089,0.012339180569510695,0.012351877173342444,0.011090382750989877,0.025748779959943666,0.02144140472807743,0.013269832775948284,1.4516592200000002,0.7095816300000001,1.37319014,0.66991309,1.3695771399999999,0.6681218649999999,1.40533318,0.6862899299999999,1.3728930900000003,0.6698385300000002,1.4100518599999998,0.6886675099999999,1.07485238,0.52061649,1.29331334,0.6250579050000001,1.3531446100000002,0.65963041,0.91675802,0.424708885
Vitória,Bahia,23,[0.4039 0.4342 0.162 ],[0.4353 0.3515 0.2133],[0.4342 0.3513 0.2145],[0.4412 0.3459 0.2129],[0.4352 0.3515 0.2133],[0.4427 0.3461 0.2112],[0.3741 0.2965 0.3294],[0.3441 0.356  0.2999],[0.4537 0.3425 0.2038],0.0529,0.057230115861695505,0.05722006442818423,0.059056574874569695,0.06270781403290361,0.052979412589378556,0.06000971631920088,0.5701088500000001,0.19077341500000003,0.48793522999999994,0.18217017,0.4895515800000001,0.18306994500000007,0.4772306599999999,0.178791925,0.48804817999999994,0.18224796499999998,0.47497394000000004,0.17759436500000003,0.58816742,0.250127585,0.6468808199999998,0.26007241,0.45728438,0.169989065,0.36215801999999997,0.147408885
Santos,Figueirense,23,[0.6157 0.2484 0.1356],[0.6387 0.2423 0.1188],[0.6397 0.2415 0.1185],[0.6546 0.2337 0.1114],[0.6385 0.2423 0.1189],[0.6531 0.2347 0.1118],[0.5244 0.2209 0.2545],[0.6036 0.2566 0.1395],[0.4658 0.2972 0.237 ],0.0538,0.04309919536865305,0.043086562583040895,0.044401383845528525,0.05080007872075366,0.041455168608678296,0.032268060277527225,0.22777640999999996,0.08307769499999998,0.20336041999999996,0.07234936499999998,0.20218058999999997,0.07196480999999999,0.18632681,0.06588907000000002,0.20352875000000004,0.07244549000000003,0.18792293999999998,0.06646430499999999,0.33976242,0.145533745,0.24243677,0.08833854499999999,0.42986648000000005,0.17076932,0.36215801999999997,0.147408885
Atlético-PR,Internacional,23,[0.3531 0.273  0.3737],[0.38   0.2583 0.3616],[0.3787 0.2576 0.3634],[0.369  0.2573 0.3735],[0.3802 0.2583 0.3613],[0.3706 0.2581 0.3711],[0.2701 0.2004 0.5287],[0.3147 0.2281 0.4565],[0.2253 0.2452 0.5292],0.0959,0.08954797143874696,0.08952157162789852,0.09072348856304756,0.09334649840003538,0.06853513274561167,0.11843389439551891,0.5914603000000002,0.25834043000000007,0.6186734500000002,0.27591345,0.61503101,0.274145735,0.59486654,0.264206365,0.61920862,0.27611716499999994,0.59947518,0.26630404500000004,0.33523786000000005,0.14716245,0.44645795,0.19683420999999995,0.33253577,0.13606521500000002,0.91675802,0.424708885
Grêmio,Chapecoense,23,[0.502 0.401 0.097],[0.539  0.3399 0.121 ],[0.5393 0.3399 0.1208],[0.553  0.3314 0.1156],[0.539  0.3399 0.1211],[0.5524 0.3316 0.116 ],[0.4821 0.2913 0.2265],[0.5414 0.2882 0.1703],[0.4524 0.3252 0.2224],0.257,0.25763950312859263,0.25762739547515684,0.2580160455599143,0.20781830531747855,0.19317854246050067,0.18979994933346714,0.41821400000000003,0.1287065,0.34269401,0.11359310999999997,0.34236914,0.113418565,0.32299831999999995,0.10658617999999997,0.34271821999999996,0.11359310499999997,0.32376032000000005,0.10690088,0.40437835,0.15978399000000001,0.32237529,0.119675065,0.45508256,0.17466375999999997,0.36215801999999997,0.147408885
Goiás,Palmeiras,23,[0.4722 0.3514 0.1764],[0.4877 0.3184 0.1938],[0.4862 0.3191 0.1947],[0.4874 0.319  0.1935],[0.4877 0.3184 0.1939],[0.4897 0.3179 0.1923],[0.4357 0.2661 0.2982],[0.4768 0.3027 0.2205],[0.3217 0.3488 0.3295],0.0003,0.0005279682383534527,0.0005275433058450991,0.0005373991029754327,0.00044777373866859043,0.0006227831050068163,7.666464247363728e-05,0.43317176,0.1548449,0.40138829,0.150024255,0.40372334000000004,0.15094926500000003,0.4019620099999999,0.15011986499999996,0.40142706,0.15002425,0.39844578999999997,0.14871192999999996,0.47816694000000004,0.20367886500000001,0.4139857800000001,0.161179245,0.69032258,0.28433057,0.36215801999999997,0.147408885
Criciúma,Botafogo,23,[0.1603 0.4119 0.4278],[0.1918 0.3523 0.4559],[0.19   0.3513 0.4587],[0.1977 0.3505 0.4518],[0.1917 0.3524 0.4559],[0.2003 0.3518 0.4479],[0.1683 0.2835 0.5481],[0.1691 0.2902 0.5406],[0.2188 0.3381 0.4431],0.1134,0.11398746522700007,0.11395470520205979,0.11613912451889945,0.0964776876555383,0.11596503381867293,0.122571207685578,0.5545705400000001,0.10435446499999998,0.66414734,0.12231602499999998,0.6673173800000001,0.123252845,0.66505878,0.12160426499999999,0.66397946,0.12229684999999998,0.66089774,0.12036724999999998,0.8421107500000002,0.16442407,0.82465921,0.160475655,0.6823226599999999,0.12210552500000002,0.8609580199999999,0.156308885
Botafogo,Goiás,24,[0.5621 0.3231 0.1147],[0.5289 0.3112 0.1598],[0.5303 0.3108 0.1589],[0.5409 0.3036 0.1554],[0.5289 0.3113 0.1598],[0.5387 0.3044 0.1569],[0.4817 0.2769 0.2414],[0.5673 0.2591 0.1735],[0.4605 0.2936 0.2458],0.2279,0.21648324912271583,0.21652583452569205,0.21402684542807962,0.19251647407063877,0.1639542252613968,0.15757119239337153,0.30930610999999997,0.10246772999999998,0.3443166899999999,0.12375161499999997,0.34246394,0.12293365000000002,0.32709492999999995,0.11747653499999997,0.34437893999999997,0.12373562499999997,0.33007466,0.11870765000000003,0.40358246,0.163454425,0.28446435,0.10868312999999998,0.43767885,0.17576353499999997,0.36215801999999997,0.147408885
Palmeiras,Vitória,24,[0.4748 0.3135 0.2116],[0.4648 0.2833 0.2518],[0.4673 0.2827 0.2499],[0.4877 0.2771 0.2352],[0.4647 0.2833 0.2519],[0.4838 0.2781 0.238 ],[0.403  0.2371 0.3598],[0.5696 0.2548 0.1754],[0.3583 0.3337 0.3081],0.0965,0.09571264123100931,0.09569675260792766,0.10012225323288097,0.06844990878132419,0.12274342407391958,0.073636771704213,0.41889185,0.16032596999999998,0.4301011700000001,0.17494633,0.42613858999999993,0.17313464999999997,0.39455474,0.158885165,0.43025858999999994,0.17502505,0.40044604999999994,0.16157702999999998,0.54208145,0.24296851,0.28093236000000005,0.10803977999999999,0.6180601899999999,0.25332145,0.36215801999999997,0.147408885
Coritiba,Cruzeiro,24,[0.1955 0.298  0.5064],[0.2208 0.2666 0.5125],[0.22   0.2662 0.5136],[0.2254 0.2714 0.5031],[0.2208 0.2665 0.5126],[0.2263 0.2719 0.5016],[0.1751 0.187  0.6369],[0.1974 0.2203 0.5815],[0.1302 0.2261 0.6432],0.0868,0.0899358669150644,0.0899577284382253,0.08828213373892045,0.09891268718423779,0.09935866028652231,0.08975556649190634,0.3706652100000001,0.14088125499999998,0.35748445000000006,0.143155705,0.35584740000000004,0.14239523999999998,0.37137273,0.14880770499999998,0.35733365000000006,0.14310697,0.37354385999999995,0.14970748499999997,0.19747061999999999,0.08088870999999999,0.26264109999999996,0.10672034499999998,0.19537949000000002,0.07195099,0.91675802,0.424708885
Internacional,Criciúma,24,[0.7879 0.1756 0.0354],[0.7731 0.177  0.049 ],[0.775  0.1756 0.0485],[0.7858 0.1685 0.0446],[0.7729 0.1771 0.0491],[0.7832 0.1704 0.0453],[0.6941 0.1975 0.1079],[0.8075 0.1475 0.0429],[0.6814 0.2478 0.0706],0.1228,0.12967958026968274,0.1296091564823775,0.13404073072635228,0.09531138580996493,0.1418333596496528,0.09340282857463485,0.07707492999999999,0.023159934999999993,0.08521361,0.026987215000000002,0.08381261,0.026533084999999994,0.07626304999999999,0.023985669999999987,0.08534963,0.02703760999999999,0.07809049,0.024578205,0.14422346999999996,0.05266280999999998,0.06065291,0.019542830000000004,0.16789516,0.05325932,0.36215801999999997,0.147408885
Atlético-MG,Santos,24,[0.4477 0.319  0.2332],[0.4304 0.3075 0.2621],[0.4322 0.3075 0.2602],[0.4338 0.3087 0.2574],[0.4304 0.3075 0.2621],[0.431  0.3088 0.2602],[0.3746 0.2399 0.3854],[0.505  0.254  0.2408],[0.4022 0.2721 0.3257],0.0162,0.011542394552266891,0.01154267119461062,0.011277076378201247,0.020328949037938967,0.024273262871095654,0.02099639478368346,0.46117853,0.179732095,0.48769682,0.19657028499999998,0.4846571300000001,0.19507647000000003,0.48213289000000004,0.19344435000000001,0.48769682,0.19657028499999998,0.48682247999999995,0.19573251999999997,0.59721033,0.26986771,0.36752564,0.15155301999999998,0.53748374,0.231722665,0.36215801999999997,0.147408885
Bahia,Sport,24,[0.299  0.4842 0.2168],[0.3657 0.3901 0.2442],[0.3653 0.3903 0.2444],[0.3688 0.3885 0.2427],[0.3657 0.3901 0.2442],[0.3693 0.3883 0.2424],[0.3489 0.3229 0.3282],[0.439  0.3466 0.2144],[0.2359 0.3843 0.3798],0.1849,0.2015739015120119,0.20157679620711624,0.20215620092228626,0.18123228811613812,0.20408076675722556,0.14390969694775108,0.7728528800000001,0.26920162000000003,0.6141481400000001,0.230985065,0.61490954,0.231287725,0.6082489799999999,0.22865836499999995,0.6141481400000001,0.230985065,0.60731714,0.22827012500000002,0.63591086,0.265823225,0.48081991999999996,0.18034417999999994,0.87578334,0.364048425,0.36215801999999997,0.147408885
Chapecoense,Atlético-PR,24,[0.414  0.3267 0.2593],[0.3855 0.2967 0.3177],[0.3871 0.2959 0.3169],[0.4022 0.2907 0.3071],[0.3853 0.2968 0.3179],[0.4001 0.2917 0.3082],[0.3565 0.2375 0.4059],[0.3726 0.2342 0.3926],[0.2842 0.2723 0.4434],0.0275,0.02862485489932589,0.028583338808013135,0.030990819630383026,0.023626822383582647,0.026620610277938092,0.016728776744507533,0.5173653800000001,0.20531624500000006,0.5665744300000001,0.23930355,0.56362883,0.23806770999999996,0.53618174,0.225837625,0.5670067400000001,0.23945825000000004,0.53995614,0.227433625,0.63525331,0.28946413,0.6026151599999999,0.27411868,0.78312049,0.35453095,0.36215801999999997,0.147408885
Fluminense,Grêmio,24,[0.4972 0.3099 0.1928],[0.5159 0.2855 0.1985],[0.5156 0.2858 0.1985],[0.5242 0.2843 0.1914],[0.5158 0.2855 0.1986],[0.5247 0.284  0.1913],[0.4768 0.2273 0.2956],[0.6739 0.2066 0.1187],[0.6652 0.2165 0.1177],0.1478,0.13102973532331777,0.13099411378117864,0.13183361642998678,0.05818764503292536,0.07605859534814476,0.08822411207377563,0.7606176899999999,0.14220913,0.81606531,0.15279739,0.8153272499999998,0.152642665,0.8236460899999999,0.15572895,0.8160018500000001,0.15276567000000002,0.82456178,0.15595289000000004,0.9117828899999999,0.15744757,1.0977144600000002,0.23421105000000003,1.0702165799999999,0.22824314499999998,0.8609580199999999,0.156308885
São Paulo,Flamengo,24,[0.727  0.1794 0.0914],[0.7417 0.1663 0.0895],[0.7391 0.1679 0.0906],[0.7478 0.1638 0.0858],[0.7415 0.1664 0.0896],[0.7511 0.1616 0.0845],[0.6004 0.1879 0.2105],[0.7812 0.1283 0.0804],[0.699  0.1898 0.1098],0.0326,0.029472405873615715,0.029484749610571116,0.028341660452247456,0.054039071697464955,0.03582177093362898,0.03162536976726921,1.2102673199999998,0.2686474,1.2531848300000001,0.27929457,1.2468675800000002,0.27746178499999996,1.26579692,0.28351308000000003,1.2527393700000002,0.279155455,1.27420602,0.28589017,1.06429682,0.20264924500000003,1.37659849,0.30928285,1.1570810800000002,0.2504842,0.8609580199999999,0.156308885
Figueirense,Corinthians,24,[0.2875 0.3434 0.369 ],[0.2254 0.3156 0.459 ],[0.224  0.3149 0.461 ],[0.2221 0.3158 0.4621],[0.2255 0.3155 0.459 ],[0.2239 0.3166 0.4594],[0.259  0.2237 0.517 ],[0.2152 0.2771 0.5076],[0.2219 0.3127 0.4653],0.1284,0.11233455706808769,0.11233145700971661,0.11248705991504505,0.09116959462122963,0.09033904143984561,0.11014473344027899,0.76174081,0.32194553500000006,0.91028952,0.40534307999999997,0.9138590100000001,0.40739461000000005,0.9183944600000001,0.40933241,0.9100714999999999,0.40526562499999996,0.9136151299999999,0.40673573500000004,0.8664116900000001,0.40834019000000005,0.95035321,0.43683517,0.91972499,0.41101839000000007,0.36215801999999997,0.147408885
Botafogo,Grêmio,25,[0.3506 0.4385 0.2109],[0.3785 0.3687 0.2528],[0.3787 0.3689 0.2524],[0.3822 0.3654 0.2524],[0.3785 0.3687 0.2528],[0.3819 0.365  0.2531],[0.3615 0.3033 0.3353],[0.4825 0.2947 0.2227],[0.3936 0.294  0.3124],0.0289,0.04537405170597778,0.04536315583305917,0.045511012897807575,0.06287820249178618,0.0379805279669724,0.05766248683972591,0.9378814200000001,0.37279958500000004,0.83750978,0.3507850450000001,0.83840666,0.35115972500000003,0.83849976,0.3524913,0.83750978,0.3507850450000001,0.83693222,0.35185361000000004,0.6644992300000001,0.28632065000000007,0.92384963,0.41842305,0.71415072,0.31385736,0.91675802,0.424708885
Atlético-PR,Corinthians,25,[0.2752 0.3119 0.4129],[0.2969 0.286  0.417 ],[0.2956 0.2853 0.4191],[0.289  0.285  0.4259],[0.297  0.2861 0.4168],[0.2906 0.286  0.4233],[0.245  0.2051 0.5493],[0.3398 0.2445 0.4153],[0.255  0.2556 0.4892],0.1084,0.1068087969343697,0.10686740847971382,0.10585168803654765,0.07387699023161955,0.0729072046365391,0.07902134613769404,0.79310306,0.347910725,0.75003461,0.3341610150000001,0.75322026,0.335912085,0.7681368100000001,0.34349850500000007,0.7497844500000002,0.3340073100000001,0.76422725,0.34125796500000005,0.9138215000000001,0.43620768500000007,0.66811838,0.304335345,0.8596729999999999,0.39726870000000003,0.36215801999999997,0.147408885
Atlético-MG,Vitória,25,[0.7261 0.19   0.0825],[0.68   0.1992 0.1197],[0.6828 0.1979 0.1181],[0.6994 0.1891 0.1101],[0.6799 0.1992 0.1198],[0.6952 0.191  0.1124],[0.6201 0.186  0.1927],[0.7498 0.1556 0.0907],[0.4934 0.2642 0.2422],0.1475,0.13476589118767623,0.13476330869824177,0.13541179121408273,0.09928385793009563,0.124219482149544,0.09674892919902124,0.11792746000000003,0.041031190000000016,0.15640872999999994,0.058496924999999984,0.15372786000000002,0.05742488500000002,0.13824117999999996,0.05139728499999999,0.15649669000000005,0.05854101500000002,0.14201779999999997,0.05292771999999998,0.21605330000000003,0.09096132999999999,0.09503789,0.035782205,0.3851060399999999,0.15770067999999995,0.36215801999999997,0.147408885
Bahia,Flamengo,25,[0.2814 0.4704 0.2483],[0.3822 0.3864 0.2314],[0.3802 0.3875 0.2323],[0.383  0.3864 0.2306],[0.3821 0.3865 0.2314],[0.3859 0.3849 0.2292],[0.3141 0.3138 0.3721],[0.4408 0.3321 0.2272],[0.3037 0.3593 0.3371],0.0402,0.045645874337532276,0.04562869618143456,0.046140942591656874,0.05058104405623581,0.06487190790786129,0.047712662013326926,0.7993150099999999,0.288994605,0.5845277600000001,0.2176114,0.58827158,0.219057665,0.58317032,0.21693268,0.58472862,0.217673185,0.57779946,0.21482572499999997,0.70738766,0.30445860999999996,0.47461488999999996,0.18213952999999997,0.7275665899999999,0.29920135,0.36215801999999997,0.147408885
Sport,Cruzeiro,25,[0.1602 0.2295 0.6095],[0.1997 0.2264 0.5732],[0.1996 0.2265 0.5732],[0.2009 0.2287 0.5698],[0.1997 0.2263 0.5733],[0.201  0.2285 0.5699],[0.1191 0.1371 0.738 ],[0.1602 0.195  0.643 ],[0.1478 0.2271 0.6246],0.0703,0.05898412249511025,0.05895139545097479,0.06089858685971515,0.019299229911147922,0.04199911990656347,0.08228861678903827,0.99082454,0.19906538499999996,0.9668952900000003,0.18462089500000003,0.9667006499999999,0.18460093,0.95993654,0.182858665,0.9671646700000001,0.18467829000000005,0.96039926,0.182935805,1.30342522,0.283728445,1.08713804,0.22071716000000002,1.0093444100000002,0.20629754999999997,0.8609580199999999,0.156308885
Santos,Goiás,25,[0.6278 0.2789 0.0932],[0.5727 0.302  0.1252],[0.5726 0.3019 0.1255],[0.5854 0.2955 0.119 ],[0.5726 0.3021 0.1253],[0.5854 0.2958 0.1187],[0.5445 0.2464 0.209 ],[0.5404 0.3009 0.1586],[0.53   0.2864 0.1835],0.1497,0.14642205999843844,0.1463697212958521,0.15082158466397053,0.1168664233821073,0.1311420791026538,0.12158141275509879,0.22500429,0.07361886999999999,0.28946433000000005,0.099142695,0.28956462000000005,0.099210505,0.27337440999999996,0.09303898999999997,0.28963526,0.09918542500000001,0.27348048999999997,0.09300330499999998,0.31187421000000004,0.12560153500000001,0.32692693,0.11820893,0.33659721,0.127304485,0.36215801999999997,0.147408885
Internacional,Coritiba,25,[0.594  0.3    0.1059],[0.5888 0.2803 0.1308],[0.5897 0.2797 0.1305],[0.5947 0.2795 0.1257],[0.5887 0.2803 0.1309],[0.5934 0.2804 0.1261],[0.5257 0.253  0.2212],[0.6736 0.2159 0.11  ],[0.5582 0.3034 0.1384],0.0044,0.0026354112488174673,0.0026388955434587347,0.0024859838332483113,0.004597047229423955,0.006673204477318094,0.0018996763220419054,0.26605081,0.08803600500000001,0.26476217,0.09311013,0.26360843,0.09270123000000001,0.25818883000000004,0.09004686999999999,0.26487059,0.09316435,0.25984893,0.09062500499999998,0.33789893000000004,0.13696709500000004,0.16524977000000002,0.059373730000000007,0.30639336,0.10717089999999999,0.36215801999999997,0.147408885
Figueirense,Palmeiras,25,[0.6474 0.2319 0.1202],[0.5254 0.2714 0.2031],[0.5228 0.2723 0.2048],[0.5254 0.271  0.2035],[0.5253 0.2715 0.2031],[0.5291 0.2697 0.2011],[0.5284 0.2176 0.2537],[0.4393 0.2891 0.2715],[0.3919 0.3334 0.2747],0.0577,0.041384122288768456,0.04136996066196138,0.04198296893881802,0.05241963381884175,0.03400255411039758,0.020670833170922668,0.19255241,0.06944775000000002,0.34015273,0.13326770500000001,0.3438101699999999,0.13485192999999998,0.34009841,0.13334906500000002,0.34030195,0.13331517,0.33492611,0.13111413,0.33412001,0.14346132500000003,0.47167554999999994,0.19407552999999997,0.55640126,0.22262284999999998,0.36215801999999997,0.147408885
